0
0
0
-1
-1
-3
-5
-7
-6
3
22
53
94
141
185
217
230
221
189
138
72
0
-73
-139
-191
-224
-236
-224
-191
-139
-73
0
72
138
190
223
235
223
190
138
72
0
-73
-139
-191
-224
-236
-224
-191
-139
-73
0
72
138
190
223
235
223
190
138
72
0
-73
-139
-191
-224
-236
-224
-191
-139
-73
0
72
138
190
223
235
223
190
138
72
0
-73
-139
-191
-224
-236
-224
-191
-139
-73
0
72
138
190
223
235
223
190
138
72
0
-73
-139
-191
-224
-236
-224
-191
-139
-73
0
72
138
190
223
235
223
190
138
72
0
-73
-139
-191
-224
-236
-224
-191
-139
-73
0
72
138
190
223
235
223
190
138
72
0
