0
5063
9630
13255
15582
16384
15582
13255
9630
5063
0
-5063
-9630
-13255
-15582
-16384
-15582
-13255
-9630
-5063
0
5063
9630
13255
15582
16384
15582
13255
9630
5063
0
-5063
-9630
-13255
-15582
-16384
-15582
-13255
-9630
-5063
0
5063
9630
13255
15582
16384
15582
13255
9630
5063
0
-5063
-9630
-13255
-15582
-16384
-15582
-13255
-9630
-5063
0
5063
9630
13255
15582
16384
15582
13255
9630
5063
0
-5063
-9630
-13255
-15582
-16384
-15582
-13255
-9630
-5063
0
5063
9630
13255
15582
16384
15582
13255
9630
5063
0
-5063
-9630
-13255
-15582
-16384
-15582
-13255
-9630
-5063
0
5063
9630
13255
15582
16384
15582
13255
9630
5063
0
-5063
-9630
-13255
-15582
-16384
-15582
-13255
-9630
-5063
0
5063
9630
13255
15582
16384
15582
13255
9630
5063
0
-5063
-9630
-13255
-15582
-16384
-15582
-13255
-9630
-5063
